["(2,4)(5,6)(7,8)(9,11)(13,15)(17,19)(21,23)(22,24)(25,27)(29,31,30,32)(33,35,34,36)(37,39,38,40)(41,42,43,44)(45,46,47,48)","(1,2,3,4)(5,6,7,8)(9,10,11,12)(13,14,15,16)(17,18,19,20)(21,22)(25,26)(27,28)(29,30)(33,34)(37,38)(41,43)(45,46)(47,48)"]
["(1,2,3,4)(5,6,7,8)(9,10,11,12)(13,14,15,16)(17,18,19,20)(21,22)(25,26)(27,28)(29,30)(33,34)(37,38)(41,42)(45,46)(47,48)","(1,2)(3,4)(5,7)(9,11)(13,15)(17,19)(21,23)(22,24)(25,27)(29,31,30,32)(33,35,34,36)(37,39,38,40)(41,43,42,44)(45,46,47,48)"]
['(1,45)(2,46)(3,47)(4,48)(5,41)(6,43)(7,42)(8,44)(9,37)(10,39)(11,38)(12,40)(13,33)(14,35)(15,34)(16,36)(17,29)(18,31)(19,30)(20,32)(21,26)(22,28)(23,27)(24,25)']
Real
["(1,2)(3,4)(5,7)(9,11)(13,15)(17,19)(21,23)(25,27)(26,28)(29,31,30,32)(33,35,34,36)(37,39,38,40)(41,43,42,44)(45,46,47,48)",
" (1,2,3,4)(5,6,7,8)(9,10,11,12)(13,14,15,16)(17,18,19,20)(21,22)(23,24)(25,26)(29,30)(33,34)(37,38)(41,42)(45,46)(47,48)"]
'(1,45)(2,46)(3,47)(4,48)(5,41)(6,43)(7,42)(8,44)(9,37)(10,39)(11,38)(12,40)(13,33)(14,35)(15,34)(16,36)(17,29)(18,31)(19,30)(20,32)(21,25)(22,27)(23,26)(24,28)'
'(1,45)(2,46)(3,47)(4,48)(5,41)(6,43)(7,42)(8,44)(9,37)(10,39)(11,38)(12,40)(13,33)(14,35)(15,34)(16,36)(17,29)(18,31)(19,30)(20,32)(21,25)(22,27)(23,26)(24,28)' #maybe false. I don't know what it is
